1 2 1 0 3  
1 4 0 0 
1 5 0 0 
1 6 1 0 7  
1 8 0 0 
1 9 0 0 
1 10 0 0 
1 11 0 0 
1 12 1 0 2  
1 13 1 0 6  
1 14 1 0 2  
1 15 2 1 16  7  
1 17 1 0 16  
1 7 2 1 16  15  
1 16 1 0 17  
1 1 1 0 18  
2 18 2 0 2 15 17 
1 1 2 2 7  16  
1 19 0 0 
3 2 15 17 0 0 
1 20 2 1 21  3  
1 22 1 0 21  
1 3 2 1 21  20  
1 21 1 0 22  
1 1 1 0 23  
2 23 2 0 2 20 22 
1 1 2 2 3  21  
1 24 0 0 
3 2 20 22 0 0 
1 25 0 0 
1 26 0 0 
1 27 1 0 17  
1 28 1 0 15  
1 29 1 0 22  
1 30 1 0 20  
1 27 1 1 19  
1 29 1 1 24  
1 1 2 0 13 12
1 1 2 0 7 16
1 1 2 0 3 21
0
2 b
3 ass(b)
6 ci
7 ass(ci)
8 h
9 c
10 s
11 r
12 -f
13 f
14 w
16 -ass(ci)
21 -ass(b)
27 *sat(1,1)
28 *sat(1,2)
29 *sat(2,1)
30 *sat(2,2)
31 *old_sat(1,1)
32 *old_sat(1,2)
33 *old_sat(2,1)
34 *old_sat(2,2)
0
B+
0
B-
1
0
1
3 4 34 33 32 31 0 0 
1 35 2 0 36  37  
1 38 2 0 39  40  
1 1 3 1 41  42  43  
1 43 0 0
1 1 3 1 44  45  46  
1 46 0 0
2 44 1 0 1 36 
1 47 3 1 48  36  49  
1 49 0 0
1 47 3 1 50  39  51  
1 51 0 0
2 50 1 0 1 42 
1 1 1 1 47  
1 42 2 0 52  53  
1 45 2 0 54  55  
1 36 2 0 56  57  
1 39 2 0 58  59  
1 56 2 1 60  61  
1 61 0 0
2 60 2 0 1 33 31 
1 58 2 1 62  63  
1 63 0 0
2 62 2 0 1 34 32 
1 52 2 1 64  65  
2 65 2 0 1 33 31 
2 64 2 0 2 33 31 
1 54 2 1 66  67  
2 67 2 0 1 34 32 
2 66 2 0 2 34 32 
1 53 3 2 68  68  69  
1 69 0 0
2 68 2 0 1 29 27 
1 55 3 2 70  70  71  
1 71 0 0
2 70 2 0 1 30 28 
1 57 3 2 72  72  73  
2 73 2 0 1 29 27 
2 72 2 0 2 29 27 
1 59 3 2 74  74  75  
2 75 2 0 1 30 28 
2 74 2 0 2 30 28 
0
2
4
0
1 2 -ass(ci) x ass(ci).
2 2 -ass(b) x ass(b).
0
*sat(1,1) *old_sat(1,1)
*sat(1,2) *old_sat(1,2)
*sat(2,1) *old_sat(2,1)
*sat(2,2) *old_sat(2,2)
0
0
